Q_10_25_5_601	Q_10_25_5_602	Q_10_25_5_603	Q_10_25_5_604	Q_10_25_5_605	Q_10_25_5_606
0	0	0	0	0	0
1864.02484098163	1779.4532772165	1768.02319002028	4027.19441864688	2185.65801954041	866.64446652905
2184.47446266364	1718.11736338842	1739.19002698965	2183.59384422644	1789.44327374034	1731.90425661451
0	0	0	0	0	0
0	0	0	0	0	0
0	0	1179.02703961071	0	0	1740.17035051826
0	0	0	0	0	0
0	0	0	0	0	0
3793.15685316461	1155.8862661948	1159.68997897666	3797.19622373239	1169.70009908947	0
0	0	0	0	0	0
0	0	0	0	0	0
0	1764.19645675816	1754.02783933996	1186.67973324474	1785.14780133521	1761.92695909999
0	0	0	0	0	0
4446.57079044923	4186.84961017893	0	1239.17455521063	460	0
0	0	0	0	1180.83069292742	0
0	0	0	0	0	0
0	0	0	0	0	0
3501.32719787461	0	0	3469.08194268176	0	4594.51934436155
0	0	0	0	0	0
0	0	0	0	0	0
1764.53843317809	0	1559.00978354296	1765.03770869966	1176.99564170712	0
0	0	0	0	0	0
2680.16321563404	3706.3203620457	3707.3537878627	0	4187.61365433924	3708.46156627658
0	0	0	2515.76944514839	0	3706.7770438038
0	0	0	0	0	0
0	0	0	0	0	0
0	20.2260775952551	4393.86453117264	0	4313.27906868995	4863.04214809843
0	0	0	0	0	0
0	0	0	0	0	0
0	19.9213006843365	0	0	0	0
0	0	0	0	0	0
2791.89811843701	3707.0584872457	3485.15973414882	2773.36512293696	3941.72211315253	3484.87448133555
3940.89247929837	3488.50325470245	3485.75273278952	0	3483.90952286324	3485.81685306774
0	0	0	0	0	0
0	0	0	0	0	0
4594.39451555395	4625.12038992224	4624.09667232394	4618.23342726758	0	3485.81716885963
0	0	0	0	0	0
0	0	0	0	0	0
20.5520513481176	722.944602941807	722.944602941807	0	0	5037.13412627239
0	0	0	0	0	0
2906.4883253596	3484.87727389204	3273.19773490958	2906.13873111816	3707.58152574389	3273.56711279009
3707.57387813758	3484.93332306968	3274.32778164355	3707.22748589485	3706.32459907652	3274.89547868531
0	0	0	0	0	0
0	0	0	0	0	0
4866.64153029136	3274.37036130979	4867.44365464696	0	4855.65506144155	3274.89364844596
0	0	0	0	0	0
0	0	0	0	0	0
1073.96221300686	0	760.994318886112	0	0	0
0	0	0	0	0	0
3484.87609860172	3073.02449123755	3076.8616668909	3485.16490085129	0	3076.27873825134
3485.14366451863	3075.88953209313	3074.79981972858	3484.8771401579	3485.44452108133	3075.89181392485
0	0	0	0	0	0
2790.95335156959	0	0	2791.01093614052	3484.87529164786	3072.57312219052
722.944602941807	801.046651459064	5063.32598207547	722.944602941807	0	4621.02941221778
0	0	0	0	0	0
0	0	0	0	0	0
3274.3784130731	3073.78314353171	2886.83074749021	3274.33703435243	3274.37960760738	2886.83074749021
0	0	0	0	0	0
3273.20569501918	3075.43244290992	0	3273.26300330911	3273.43426171267	2881.84425108938
3274.33441212939	4863.89602226325	4864.17482884995	3274.3704466772	4810.14032880962	4863.7256056949
0	0	0	0	0	0
2887.43470135978	1528.146974812	1527.95411407689	2883.20586118477	3273.16505473664	0
0	647.457504154995	0	722.944602941819	0	0
0	0	0	0	0	0
0	0	3829.75953826611	0	0	4428.20424692601
3074.81768298009	2703.09120268691	2705.84702749446	3074.07798015235	3079.80106852694	2703.07941948747
0	0	0	0	0	0
3072.83586692616	1446.72459229614	2703.74506153681	3072.54812382451	3074.1958343546	1446.67118711585
5373.51091060684	647.457504154995	0	0	0	0
0	0	0	0	0	0
1613.83872041478	0	0	0	0	0
2886.28492911861	2526.70428233439	2526.70428233439	2886.83165397037	0	0
0	0	0	0	0	0
2885.64700266551	1369.2413073428	1369.2413073428	2882.40822985841	1367.45509810334	1369.29919183718
4074.53748919394	0	0	0	2885.72317808362	0
0	0	0	0	0	0
1524.14650082083	1369.29919183933	1369.29919183718	1524.35430197137	2879.96343871508	1369.31799613941
0	0	2358.51812906783	2702.83554194454	0	0
0	0	0	0	0	0
2189.90532303011	0	0	0	0	0
1446.55504391844	0	0	1446.7313379961	0	828.86469573093
0	0	0	0	0	0
1446.67499908201	828.862240517531	828.862240517531	1446.65728271814	1446.68373286206	1295.27464264097
0	0	0	2526.74178138884	0	0
0	0	0	0	0	0
0	1294.29358505226	1369.31335852909	2038.42651247663	2693.96289724916	1293.9026246117
1185.58664566306	0	0	0	0	0
0	0	0	0	0	0
1292.90367450625	1295.65319808982	1295.83899285574	1294.89782122563	1369.31564948115	1295.61193365647
1295.02784787058	836.075103501194	837.425655160758	1295.40473952759	835.118914979858	829.435094322206
0	0	0	0	0	0
4013.26091982765	3785.61378999093	1192.28781797115	4010.20541443678	4026.7347374014	3129.46416280454
0	0	0	0	0	0
0	0	0	0	0	0
0	0	0	0	0	0
0	0	0	0	0	0
0	0	0	0	0	0
0	0	0	0	0	0
0	0	0	0	0	0
0	0	0	0	0	0
0	0	0	0	0	0
0	0	0	0	0	0
0	0	0	0	0	0
2374.6307639986	2795.1763570052	0	2375.16966300233	1047.58368008501	2787.36559485461
0	0	0	0	0	0
0	0	0	0	0	0
0	0	0	0	0	0
0	0	0	0	0	0
0	0	0	0	0	0
0	0	0	0	0	0
0	0	0	0	0	0
0	0	0	0	0	0
2535.3284333606	2792.56963430428	2905.1762647579	2536.54427676677	2691.7579088359	2881.31455466437
0	0	0	0	0	0
0	0	0	0	0	0
0	0	0	0	0	0
0	0	0	0	0	0
0	0	0	0	0	0
0	0	0	0	0	0
0	0	0	0	0	0
0	0	0	0	0	0
2773.36428845592	2904.28443409654	3071.97339526995	2703.79013382929	2773.3655006787	2789.18526566307
0	0	0	0	0	0
0	0	0	0	0	0
0	0	0	0	0	0
0	0	0	0	0	0
0	0	0	0	0	0
0	0	0	0	0	0
0	0	0	0	0	0
0	0	0	0	0	0
2906.11481752608	3071.98071891198	3273.2231667116	2901.28878620002	2901.72042263301	2884.85323353473
0	0	0	0	0	0
0	0	0	0	0	0
2532.91771574955	2794.29768425459	0	0	2904.71460434405	2883.25986572299
0	0	0	0	0	0
0	0	0	0	0	0
0	0	0	0	0	0
0	0	0	0	0	0
0	0	0	0	0	0
0	0	3073.1126555251	0	3071.97085644302	0
0	0	0	0	0	0
0	0	0	0	0	0
2377.52899607567	0	0	2377.72416013636	3072.2563254413	2703.21178131293
0	0	0	0	0	0
0	0	0	0	0	0
0	0	0	0	0	0
0	0	0	0	0	0
0	0	0	0	0	0
0	0	0	0	0	0
0	0	0	0	0	0
0	0	0	0	0	0
2222.86255883314	2702.92393777678	2527.34744914147	2222.86188919702	2883.2605265488	2189.7425029222
0	0	0	0	0	0
0	0	0	0	0	0
0	0	0	0	0	0
0	0	0	0	0	0
0	0	0	0	0	0
0	0	0	0	0	0
0	0	0	0	0	0
0	0	0	0	0	0
0	1446.67118711585	1446.67500308699	2703.606209489	2703.0271365755	0
0	0	0	0	0	0
0	0	0	0	0	0
1894.55694530219	891.641729014188	2349.44639117956	1886.16587585188	0	0
0	0	0	0	0	0
0	0	0	0	0	0
0	0	0	0	0	0
0	0	0	0	0	0
0	0	0	0	0	0
2189.7393190078	2517.05758245317	2517.12285530279	0	0	0
0	0	0	0	0	0
0	0	0	0	0	0
0	819.130917784124	0	0	0	0
0	0	0	0	0	0
0	0	0	0	0	0
0	0	0	0	0	0
0	0	0	0	0	0
0	0	0	0	0	0
753.146063016303	899.505972625715	1295.27427232489	754.378310442645	891.323063263208	821.401932672023
0	0	0	0	0	0
0	0	0	0	0	0
2371.72014585035	2373.93317338557	2536.54429108776	2371.37554164903	2373.87461077289	2535.069856295
0	0	0	0	0	0
0	0	0	0	0	0
0	0	0	0	0	0
0	0	0	0	0	0
0	0	0	0	0	0
0	0	0	0	0	0
0	0	0	0	0	0
0	0	0	0	0	0
0	0	0	0	0	0
0	0	0	0	0	0
0	0	0	0	0	0
2371.72146363135	2705.10903562595	2703.76760554761	2376.43121240917	2376.49524956171	2703.51094381827
0	0	0	0	0	0
0	0	0	0	0	0
0	0	0	0	0	0
0	0	0	0	0	0
0	0	0	0	0	0
0	0	0	0	0	0
0	0	0	0	0	0
0	0	0	0	0	0
2531.13410138068	2703.79395813415	2882.33762995757	2531.13747771723	2535.06948450063	2533.33557631887
0	0	0	0	0	0
0	0	0	0	0	0
0	0	0	0	0	0
0	0	0	0	0	0
0	0	0	0	0	0
0	0	0	0	0	0
0	0	0	0	0	0
0	0	0	0	0	0
2703.78883447957	0	3071.95968481028	2703.76737157425	2703.43302813102	2377.97521322531
0	0	0	0	0	0
0	0	0	0	0	0
2374.84314370247	2377.97674232417	2378.31320946574	2374.82869356581	2702.91845595352	2377.52986712102
0	0	0	0	0	0
0	0	0	0	0	0
0	0	0	0	0	0
0	0	0	0	0	0
0	0	0	0	0	0
0	0	0	0	0	0
0	0	0	0	0	0
0	0	0	0	0	0
1929.85798805425	2377.82602221802	2540.61483719259	1930.25123976944	2532.63622303518	2532.09118055632
0	0	0	0	0	0
0	0	0	0	0	0
0	0	0	0	0	0
0	0	0	0	0	0
0	0	0	0	0	0
0	0	0	0	0	0
0	0	0	0	0	0
0	0	0	0	0	0
2377.97676436002	2540.4033216757	2703.21217123521	2377.52959760057	2377.52921461903	2369.66349441244
0	0	0	0	0	0
0	0	0	0	0	0
2068.86823432498	2370.74873952809	2369.30508007981	2068.87436822578	2377.72474744471	2057.53125541985
0	0	0	0	0	0
0	0	0	0	0	0
0	0	0	0	0	0
0	0	0	0	0	0
0	0	0	0	0	0
2222.82935971633	2369.35889962915	2527.34461827618	2222.83045843705	2532.05098122732	807.068028167861
0	0	0	0	0	0
0	0	0	0	0	0
0	0	2209.45293137347	0	0	767.841460058823
0	0	0	0	0	0
0	0	0	0	0	0
1972.04652536433	807.032652058251	0	0	0	0
0	0	0	0	0	0
0	0	0	0	0	0
0	0	0	0	0	0
0	0	0	0	0	0
0	0	0	0	0	0
802.983242243868	2349.79884260258	0	803.085700142144	2369.23705042728	0
0	0	0	0	0	0
0	0	0	0	0	0
797.258614544741	0	738.096296962205	0	802.930818291196	0
0	0	0	0	0	0
0	0	0	0	0	0
0	0	0	0	0	0
0	0	0	0	0	0
0	0	0	0	0	0
0	0	0	764.587096765089	0	0
0	0	0	0	0	0
0	0	0	0	0	0
0	0	0	0	0	0
0	0	0	0	0	0
0	0	0	0	0	0
713.51505833965	753.364753280484	817.865338009661	743.158753786528	750.584972635493	754.125730284708
0	0	0	0	0	0
0	0	0	0	0	0
1627.11787386	2533.90994164825	2531.50523419562	1644.41566164204	2372.06664574536	2371.55591910763
0	0	0	0	0	0
0	0	0	0	0	0
0	0	0	0	0	0
0	0	0	0	0	0
0	0	0	0	0	0
0	0	0	0	0	0
0	0	0	0	0	0
0	0	0	0	0	0
0	0	0	0	0	0
0	0	0	0	0	0
0	0	0	0	0	0
2371.2611390098	2701.90737229864	2702.322644366	2371.69931367234	2371.38360938307	2702.35503395509
0	0	0	0	0	0
0	0	0	0	0	0
0	0	0	0	0	0
0	0	0	0	0	0
0	0	0	0	0	0
0	0	0	0	0	0
0	0	0	0	0	0
0	0	0	0	0	0
2531.15145007103	2702.10638856265	2882.22218865569	2531.80318606829	2531.1018546129	2530.75094116605
0	0	0	0	0	0
0	0	0	0	0	0
761.281944077881	2530.71243477369	2530.75331562231	1930.86790421464	2536.20877504695	2530.74382993367
0	0	0	0	0	0
0	0	0	0	0	0
0	0	0	0	0	0
0	0	0	0	0	0
0	0	0	0	0	0
0	0	0	0	0	0
0	0	0	0	0	0
0	0	0	0	0	0
2375.16096619045	2530.77006103637	2370.87414309169	0	2701.97028775185	2370.19774836462
0	0	0	0	0	0
0	0	0	0	0	0
776.130927702933	1929.85888756308	0	2069.3267690379	0	2068.82047877309
0	0	0	0	0	0
0	0	0	0	0	0
0	0	0	0	0	0
0	0	0	0	0	0
0	0	0	0	0	0
1929.86126268086	2369.77852609337	2532.52438628774	0	2530.73217930492	2215.29725721574
0	0	0	0	0	0
0	0	0	0	0	0
1929.88666547434	2215.46729611518	2215.4795137258	1930.45278298369	1929.86891273063	1972.44598826978
0	0	0	0	0	0
0	0	0	0	0	0
0	0	0	0	0	0
0	0	0	0	0	0
0	0	0	0	0	0
0	0	0	0	0	0
0	0	0	0	0	0
0	0	0	0	0	0
2069.43826863903	2215.17443625231	2369.3149819398	2068.68023530799	2369.82472008378	2063.34116650014
0	0	0	0	0	0
0	0	0	0	0	0
1804.13646562094	1972.44112593669	2063.38179130568	1804.1420561092	2068.66036449398	0
0	0	0	0	0	0
0	0	0	0	0	0
0	0	0	0	0	0
0	0	0	0	0	0
0	0	0	0	0	0
0	2209.38713139974	2209.47216903598	1972.04766506834	2215.17895554809	0
0	0	0	0	0	0
0	0	0	0	0	0
823.260377311071	0	0	0	0	0
0	0	0	0	0	0
0	0	0	0	0	0
0	0	758.848989507474	0	823.260595689883	0
0	0	0	0	0	0
0	0	0	0	0	0
0	0	0	0	0	0
0	0	0	0	0	0
0	0	0	0	0	0
793.175661304616	738.07844347347	0	0	799.865622286371	0
0	0	0	0	0	0
0	0	0	0	0	0
0	0	0	0	0	0
0	0	0	0	0	0
0	0	0	0	0	0
0	0	0	1420.28755532175	0	0
0	0	0	0	0	0
0	0	0	0	0	0
0	0	0	0	0	0
0	0	0	0	0	0
0	0	0	0	0	0
708.322200846871	753.469572107246	754.37813509345	713.476647162704	713.162762644232	0
0	0	0	0	0	0
0	0	0	0	0	0
1700.95677096578	1642.19942801219	1623.54988477441	1693.31941037136	1618.9291078098	1618.42964912661
0	0	0	0	0	0
0	0	0	0	0	0
0	0	0	0	0	0
0	0	0	0	0	0
0	0	0	0	0	0
0	0	0	0	0	0
0	0	0	0	0	0
0	0	0	0	0	0
0	0	0	0	0	0
0	0	0	0	0	0
0	0	0	0	0	0
1618.4987257871	2070.30696435584	2069.27600913389	1619.04381076338	1626.38991530576	2069.70068530407
0	0	0	0	0	0
0	0	0	0	0	0
0	0	0	0	0	0
0	0	0	0	0	0
0	0	0	0	0	0
0	0	0	0	0	0
0	0	0	0	0	0
0	0	0	0	0	0
0	0	0	0	0	0
0	0	0	0	0	0
0	0	0	0	0	0
1937.73062088421	2216.22428011039	2215.86965556865	1932.63390600003	1930.87333266464	1929.81253320027
0	0	0	0	0	0
0	0	0	0	0	0
0	0	0	0	0	0
0	0	0	0	0	0
0	0	0	0	0	0
0	0	0	0	0	0
0	0	0	0	0	0
0	0	0	0	0	0
2069.51328001524	1929.88277666841	2370.3065315051	2069.25265494177	2070.29911484627	2068.46048739051
0	0	0	0	0	0
0	0	0	0	0	0
1799.88622885723	2068.42630490092	2068.54988990105	2069.32746068173	2069.33744531604	1800.67430128801
0	0	0	0	0	0
0	0	0	0	0	0
0	0	0	0	0	0
0	0	0	0	0	0
0	0	0	0	0	0
0	0	0	0	0	0
0	0	0	0	0	0
0	0	0	0	0	0
1929.7957844907	2068.56785544943	2215.27235619853	1930.16574412484	1930.28292840428	1929.18343841437
0	0	0	0	0	0
0	0	0	0	0	0
1422.75349442463	1929.35371944503	1929.09732487684	1754.73166947303	1930.28996785965	1758.02964758681
0	0	0	0	0	0
0	0	0	0	0	0
0	0	0	0	0	0
0	0	0	0	0	0
0	0	0	0	0	0
0	0	0	0	0	0
0	0	0	0	0	0
0	0	0	0	0	0
1804.1316718535	1929.05875844685	1570.46879972112	1804.14205612286	2068.42105308013	1416.85241941451
0	0	0	0	0	0
0	0	0	0	0	0
1351.59280120133	1416.85241941451	1414.17896949242	0	1804.08935666793	1393.35335025294
0	0	0	0	0	0
0	0	0	0	0	0
0	0	0	0	0	0
0	0	0	0	0	0
0	0	0	0	0	0
0	0	0	0	0	0
0	0	0	0	0	0
0	0	0	0	0	0
1493.37956722083	0	0	1482.17333581422	1498.02160450889	723.560739711588
0	0	0	0	0	0
0	0	0	0	0	0
722.271755255416	1325.23042734475	1329.4379609883	1279.0164448032	1489.6148031784	708.322200846872
0	0	0	0	0	0
0	0	0	0	0	0
0	0	0	0	0	0
0	0	0	0	0	0
0	0	0	0	0	0
0	0	0	0	0	0
0	0	0	0	0	0
0	0	0	0	0	0
1399.4599522784	0	0	1407.87840983693	0	0
0	0	0	0	0	0
0	0	0	0	0	0
0	680.937067263327	0	697.455036844198	745.761828978605	0
0	0	0	0	0	0
0	0	0	0	0	0
684.086957567123	681.654045595928	713.515608341229	682.643266629281	695.639428242895	688.913697550364
0	0	0	0	0	0
0	0	0	0	0	0
1709.34233145685	1707.22922800332	1626.62107565361	1712.13133715032	1700.74632306548	1804.25255318298
0	0	0	0	0	0
0	0	0	0	0	0
1709.34660274824	0	0	1709.39509300966	1707.68849262933	1935.48577059347
0	0	0	0	0	0
0	0	0	0	0	0
0	0	0	0	0	0
0	0	0	0	0	0
0	0	0	0	0	0
0	0	0	0	0	0
0	0	0	0	0	0
0	0	0	0	0	0
0	2069.65861854447	2069.65861854448	0	1691.4010814196	1650.85029457841
0	0	0	0	0	0
0	0	0	0	0	0
1801.87913334721	2070.94297092399	2069.0273188274	761.750093040503	1804.06060844621	1799.92531771746
0	0	0	0	0	0
0	0	0	0	0	0
0	0	0	0	0	0
0	0	0	0	0	0
0	0	0	0	0	0
0	0	0	0	0	0
0	0	0	0	0	0
0	0	0	0	0	0
1933.0961583559	2069.09486138333	2215.91825835416	1932.65663851024	0	1931.21004099781
0	0	0	0	0	0
0	0	0	0	0	0
1494.934359942	1523.14483869268	1931.24040236896	1487.68730190912	1568.30540118383	1422.7514690935
0	0	0	0	0	0
0	0	0	0	0	0
0	0	0	0	0	0
0	0	0	0	0	0
0	0	0	0	0	0
0	0	0	0	0	0
0	0	0	0	0	0
0	0	0	0	0	0
1497.65293386661	1930.80063565865	2068.54783982299	1445.65782629128	2069.11285078366	1491.11049254002
0	0	0	0	0	0
0	0	0	0	0	0
0	0	0	0	0	0
0	0	0	0	0	0
0	0	0	0	0	0
0	0	0	1409.09470999086	1799.69875748492	1351.58779461495
0	0	0	0	0	0
0	0	0	0	0	0
0	0	0	0	0	0
0	0	0	0	0	0
0	0	0	0	0	0
0	1492.9408458241	0	1422.76314994738	1931.25169906129	0
0	0	0	0	0	0
0	0	0	0	0	0
0	0	0	0	0	0
0	0	0	0	0	0
0	0	0	0	0	0
1343.05680693635	1417.24969655266	1413.41777006393	1343.05703385041	1422.76314994738	1278.52432239451
0	0	0	0	0	0
0	0	0	0	0	0
0	0	0	0	0	0
0	0	0	0	0	0
0	0	0	0	0	0
1344.12536233425	1417.81383854276	1418.04932092752	1351.59280120133	1799.82773490301	0
0	0	0	0	0	0
0	0	0	0	0	0
0	0	0	0	0	0
0	0	0	0	0	0
0	0	0	0	0	0
1275.59742701166	1337.51387274903	1337.36481665619	1275.59749747644	1351.59625768759	0
0	0	0	0	0	0
0	0	0	0	0	0
0	0	0	0	0	0
0	0	0	0	0	0
0	0	0	0	0	0
1270.35630425544	1319.10224518705	1328.17329308509	1278.5226989523	1413.17276218025	667.401809780688
0	0	0	0	0	0
0	0	0	0	0	0
0	0	0	0	0	0
0	0	0	0	0	0
0	0	0	0	0	0
689.136189892375	0	667.401814495985	686.633670471246	722.271755255416	676.183017379334
0	0	0	0	0	0
0	0	0	0	0	0
0	0	0	0	0	0
0	0	0	0	0	0
0	0	0	0	0	0
696.907328669205	689.588616418222	680.937067263327	704.858326041478	0	0
0	0	0	0	0	0
0	0	0	0	0	0
667.668027970041	689.740170254634	689.615124235059	681.954140973877	702.694345835547	675.879719158348
0	0	0	0	0	0
0	0	0	0	0	0
1707.42794106353	1803.55169090935	1803.73872224407	1708.34345982877	1710.0182007839	1801.87697519377
0	0	0	0	0	0
0	0	0	0	0	0
725.614934215542	1803.55277209542	1729.64983236968	1709.43871483345	1709.34919238815	1932.6486462858
0	0	0	0	0	0
0	0	0	0	0	0
719.569352227893	1435.29279199353	1932.78163187502	1707.61786426345	0	1494.92995659942
0	0	0	0	0	0
0	0	0	0	0	0
0	0	0	0	0	0
0	0	0	0	0	0
0	0	0	0	0	0
0	0	0	0	0	0
0	0	0	0	0	0
0	0	0	0	0	0
1802.40986578132	1934.53466745439	2069.65746496166	1801.88671629773	1804.55622602091	1804.63106505647
0	0	0	0	0	0
0	0	0	0	0	0
1563.20633407787	1478.89477513215	1494.73097231463	2993.4097251755	1431.61422148605	1413.7442453731
0	0	0	0	0	0
0	0	0	0	0	0
0	0	0	0	0	0
0	0	0	0	0	0
0	0	0	0	0	0
0	0	0	0	0	0
0	0	0	0	0	0
0	0	0	0	0	0
1494.56204704391	0	1930.48513252636	1490.53565351673	1932.2184849169	1604.86533191848
0	0	0	0	0	0
0	0	0	0	0	0
0	0	0	0	0	0
0	0	0	0	0	0
0	0	0	0	0	0
1485.85820027044	1411.81500438103	0	1485.8581032968	4156.8298048535	1343.03165317859
0	0	0	0	0	0
0	0	0	0	0	0
0	0	0	0	0	0
0	0	0	0	0	0
0	0	0	0	0	0
0	0	0	0	0	0
0	0	0	0	0	0
0	0	0	0	0	0
1413.75736386476	1594.94452947689	0	0	0	1695.12159312988
0	0	0	0	0	0
0	0	0	0	0	0
1404.19016404697	1342.68258444019	0	1375.996129518	3788.89655904759	1275.60949545706
0	0	0	0	0	0
0	0	0	0	0	0
0	0	0	0	0	0
0	0	0	0	0	0
0	0	0	0	0	0
0	0	0	0	0	0
0	0	0	0	0	0
0	0	0	0	0	0
1343.04414644299	0	1741.49550945074	0	1357.93192846312	0
0	0	0	0	0	0
0	0	0	0	0	0
0	0	0	0	0	0
0	0	0	0	0	0
0	0	0	0	0	0
1203.7290745964	1185.56481338787	0	1210.11419264234	3307.40397492435	0
0	0	0	0	0	0
0	0	0	0	0	0
0	0	0	0	0	0
0	0	0	0	0	0
0	0	0	0	0	0
0	1291.48993628315	1325.82847618652	0	0	679.939736593297
0	0	0	0	0	0
0	0	0	0	0	0
0	0	0	0	0	0
0	0	0	0	0	0
0	0	0	0	0	0
0	679.939736593297	670.323130867861	680.414432238255	2822.98793597386	0
0	0	0	0	0	0
0	0	0	0	0	0
0	0	0	0	0	0
0	0	0	0	0	0
0	0	0	0	0	0
689.018223149301	0	667.401814495985	2318.490318522	1195.02940539735	667.668027970041
0	0	0	0	0	0
0	0	0	0	0	0
0	0	0	0	0	0
0	0	0	0	0	0
0	0	0	0	0	0
0	0	0	0	0	0
0	0	0	0	0	0
0	0	0	0	0	0
667.026239851862	683.11993106825	681.392476855441	642.732901503212	1844.35429224185	664.345641067209
0	0	0	0	0	0
0	0	0	0	0	0
1710.77983860575	1712.12680472482	1815.22714146941	1588.86705634464	1707.61744291003	1658.45580312348
0	0	0	0	0	0
0	0	0	0	0	0
0	4898.84978892544	0	0	0	0
0	0	0	0	0	0
0	0	0	0	0	0
1711.47184023907	1815.5343875695	1932.81201817557	1711.50770452181	1709.6339723413	1723.18227178115
0	0	0	0	0	0
0	0	0	0	0	0
708.797948023873	1659.44615598777	1727.48476901743	1590.80363053193	1711.50688909363	1594.32983814651
0	0	0	0	0	0
0	0	0	0	0	0
0	0	0	0	0	0
0	0	0	0	0	0
0	0	0	0	0	0
0	0	0	0	0	0
0	0	0	0	0	0
0	0	0	0	0	0
1659.80453337838	1726.55514370083	1804.75472721037	1660.08086677659	1815.43080745692	1660.03405802125
0	0	0	0	0	0
0	0	0	0	0	0
1530.49577979697	0	1411.40493290506	1530.47642316917	1660.00745975697	1404.19016404697
0	0	0	0	0	0
0	0	0	0	0	0
0	0	0	0	0	0
0	0	0	0	0	0
0	0	0	0	0	0
0	0	0	0	0	0
0	0	0	0	0	0
0	0	0	0	0	0
0	0	0	0	0	0
0	0	0	0	0	0
0	0	0	0	0	0
738.560261881396	1660.03221927063	1356.84282652761	1594.32207442455	1727.64072565475	1340.98709628018
0	0	0	0	0	0
0	0	0	0	0	0
702.836899300441	1340.98709672831	1340.98710138692	1317.91074281343	1478.09490952313	0
0	0	0	0	0	0
0	0	0	0	0	0
0	0	0	0	0	0
0	0	0	0	0	0
0	0	0	0	0	0
0	0	0	0	0	0
0	0	0	0	0	0
0	0	0	0	0	0
0	1340.98709780486	1284.33138329373	1404.19016404697	1411.56537077895	709.225402165641
0	0	0	0	0	0
0	0	0	0	0	0
0	0	0	0	0	0
0	0	0	0	0	0
0	0	0	0	0	0
1227.8280750323	1366.08810161185	0	1417.03620339529	0	1139.66239510689
0	0	0	0	0	0
0	0	0	0	0	0
0	0	0	0	0	0
0	0	0	0	0	0
0	0	0	0	0	0
0	0	0	0	0	0
0	0	0	0	0	0
0	0	0	0	0	0
1206.39238713918	0	1213.66916861236	692.152006325387	1340.98709150556	1205.24072599424
0	0	0	0	0	0
0	0	0	0	0	0
0	0	0	0	0	0
0	0	0	0	0	0
0	0	0	0	0	0
0	697.07509303742	1205.01092953915	1166.82057355497	0	0
0	0	0	0	0	0
0	0	0	0	0	0
0	0	0	0	0	0
0	0	0	0	0	0
0	0	0	0	0	0
0	1086.59261898347	1205.24067253353	1117.93897408331	1273.93773012829	643.317078268289
0	0	0	0	0	0
0	0	0	0	0	0
0	0	0	0	0	0
0	0	0	0	0	0
0	0	0	0	0	0
0	0	0	0	0	0
0	0	0	0	0	0
0	0	0	0	0	0
662.844861092898	658.536435587202	640.597047147666	663.05703642221	679.486870163117	642.732901503212
0	0	0	0	0	0
0	0	0	0	0	0
0	0	0	0	0	0
0	0	0	0	0	0
0	0	0	0	0	0
659.002462542543	649.168845822265	1395.28189824264	632.460439377744	641.998841372208	640.364212690241
0	0	0	0	0	0
0	0	0	0	0	0
1463.5410352529	1592.06008238722	1658.69513923122	1466.54293750129	1592.92018581488	1586.03993798978
0	0	0	0	0	0
0	0	0	0	0	0
0	0	0	0	0	0
0	0	0	0	0	0
0	0	0	0	0	0
0	0	0	0	0	0
0	0	0	0	0	0
0	0	0	0	0	0
1590.80566610727	1658.68720611396	1727.23057855893	1590.80742219615	1592.79647195554	1592.00221071159
0	0	0	0	0	0
0	0	0	0	0	0
1463.37007140772	1400.5437849454	1400.57000983835	1466.14435047681	1592.57019170109	702.836899300441
0	0	0	0	0	0
0	0	0	0	0	0
0	0	0	0	0	0
0	0	0	0	0	0
0	0	0	0	0	0
0	0	0	0	0	0
0	0	0	0	0	0
0	0	0	0	0	0
1527.26856243966	1592.01547555552	1657.42913629877	1530.47298728996	1657.89615069212	1530.07372188028
0	0	0	0	0	0
0	0	0	0	0	0
0	0	0	0	0	0
0	0	0	0	0	0
0	0	0	0	0	0
690.580054630263	1320.91498853703	1316.92308995496	1413.48463598402	1527.26851814735	684.481614780007
0	0	0	0	0	0
0	0	0	0	0	0
0	0	0	0	0	0
0	0	0	0	0	0
0	0	0	0	0	0
0	0	0	0	0	0
0	0	0	0	0	0
0	0	0	0	0	0
1467.21139180183	1340.98709647654	1340.98710180942	1467.98870213101	1591.85871089132	1366.10690310857
0	0	0	0	0	0
0	0	0	0	0	0
0	0	0	0	0	0
0	0	0	0	0	0
0	0	0	0	0	0
685.238893092689	1241.99210046158	1239.24549553108	1287.67231418062	1468.00428214694	1162.99341221631
0	0	0	0	0	0
0	0	0	0	0	0
0	0	0	0	0	0
0	0	0	0	0	0
0	0	0	0	0	0
0	0	0	0	0	0
0	0	0	0	0	0
0	0	0	0	0	0
0	1273.93773360878	1273.93773627297	1227.82834279167	1530.07379827884	1414.1317067481
0	0	0	0	0	0
0	0	0	0	0	0
0	0	0	0	0	0
0	0	0	0	0	0
0	0	0	0	0	0
663.177854077898	1138.1637806809	678.227449850797	670.153968566497	1229.82213376422	1099.17195054575
0	0	0	0	0	0
0	0	0	0	0	0
0	0	0	0	0	0
0	0	0	0	0	0
0	0	0	0	0	0
0	0	0	0	0	0
0	0	0	0	0	0
0	0	0	0	0	0
1162.80697817023	1205.24080984599	1205.24084139137	1162.95313281819	1470.59238622795	641.436522514212
0	0	0	0	0	0
0	0	0	0	0	0
0	0	0	0	0	0
0	0	0	0	0	0
0	0	0	0	0	0
0	0	0	1058.09894821817	1163.07318633879	627.335125204415
0	0	0	0	0	0
0	0	0	0	0	0
622.271571757494	655.384697302597	655.767780441919	622.283829924746	696.82326610053	631.320488328631
0	0	0	0	0	0
0	0	0	0	0	0
0	0	0	0	0	0
0	0	0	0	0	0
0	0	0	0	0	0
662.843421953462	642.732901503207	640.597047147722	0	677.171928324947	631.337912246736
0	0	0	0	0	0
0	0	0	0	0	0
0	0	0	0	0	0
0	0	0	0	0	0
0	0	0	0	0	0
616.147122038584	632.527790108513	971.541685586473	600.551824408338	640.870525240823	632.474859891886
0	0	0	0	0	0
0	0	0	0	0	0
1468.43978789381	1464.73568181952	1526.28480038511	1465.48253181999	1463.69438699627	1413.4809283168
0	0	0	0	0	0
0	0	0	0	0	0
0	0	0	0	0	0
0	0	0	0	0	0
0	0	0	0	0	0
0	0	0	0	0	0
0	0	0	0	0	0
0	0	0	0	0	0
0	0	0	0	0	0
0	0	0	0	0	0
0	0	0	0	0	0
1465.56371990062	1528.41360608315	1591.69375333099	1465.60899672333	1465.35772347591	1469.40933588725
0	0	0	0	0	0
0	0	0	0	0	0
0	0	0	0	0	0
0	0	0	0	0	0
0	0	0	0	0	0
1413.2288836124	1468.96687350965	1470.28761880337	1413.40719564285	1463.3680939547	682.270853384718
0	0	0	0	0	0
0	0	0	0	0	0
0	0	0	0	0	0
0	0	0	0	0	0
0	0	0	0	0	0
0	0	0	0	0	0
0	0	0	0	0	0
0	0	0	0	0	0
1413.48924972608	1470.28343977692	1529.73348869566	1413.48888478825	1529.14993729161	1411.91555541827
0	0	0	0	0	0
0	0	0	0	0	0
0	0	0	0	0	0
0	0	0	0	0	0
0	0	0	0	0	0
1359.41174387992	1359.81973126425	1413.06989073583	675.344750305736	1413.31058467623	1309.00341447551
0	0	0	0	0	0
0	0	0	0	0	0
0	0	0	0	0	0
0	0	0	0	0	0
0	0	0	0	0	0
0	0	0	0	0	0
0	0	0	0	0	0
0	0	0	0	0	0
1359.95974690521	1412.60352564518	1205.6367496733	1359.96776662801	1469.22084185292	1359.74785084603
0	0	0	0	0	0
0	0	0	0	0	0
0	0	0	0	0	0
0	0	0	0	0	0
0	0	0	0	0	0
0	0	0	0	0	0
0	0	0	0	0	0
0	0	0	0	0	0
657.713118662152	1359.75858612688	1359.24679996104	656.807191781796	1359.78569436239	622.253558026058
0	0	0	0	0	0
0	0	0	0	0	0
0	0	0	0	0	0
0	0	0	0	0	0
0	0	0	0	0	0
1309.00184607866	1359.70370082056	1140.28102453129	1309.015100367	1413.06028962937	651.366023158414
0	0	0	0	0	0
0	0	0	0	0	0
0	0	0	0	0	0
0	0	0	0	0	0
0	0	0	0	0	0
0	0	0	0	0	0
0	0	0	0	0	0
0	0	0	0	0	0
1119.05232270877	0	0	1119.05232271103	0	0
0	0	0	0	0	0
0	0	0	0	0	0
0	0	0	0	0	0
0	0	0	0	0	0
0	0	0	0	0	0
622.400325997621	647.469452821299	648.322108563195	0	1240.56354724847	613.695987419836
0	0	0	0	0	0
0	0	0	0	0	0
0	0	641.548782698761	0	0	0
0	0	0	0	0	0
0	0	0	0	0	0
0	0	0	0	0	0
0	0	0	0	0	0
0	0	0	0	0	0
0	0	0	0	0	0
0	0	0	0	0	0
0	0	0	0	0	0
0	615.719167357217	611.481257320276	0	0	615.852781033001
0	0	0	0	0	0
0	0	0	0	0	0
600.927377591581	615.67459498532	694.738659521597	560.577960951759	600.158994377376	609.629104052343
0	0	0	0	0	0
0	0	0	0	0	0
1466.43323934169	1467.57716256204	1529.15594250941	1305.48451295897	1469.44474248886	1408.64393281431
0	0	0	0	0	0
0	0	0	0	0	0
0	0	0	0	0	0
0	0	0	0	0	0
0	0	0	0	0	0
1305.48066168899	1413.5390371205	1412.32906439851	1305.94012802754	1469.78803457616	1358.79718129691
0	0	0	0	0	0
0	0	0	0	0	0
0	0	0	0	0	0
0	0	0	0	0	0
0	0	0	0	0	0
0	0	0	0	0	0
0	0	0	0	0	0
0	0	0	0	0	0
0	0	0	0	0	0
0	0	0	0	0	0
0	0	0	0	0	0
1411.72805583108	1413.53469453691	1469.98646386821	1410.08665553963	1468.59176172535	1357.59416176287
0	0	0	0	0	0
0	0	0	0	0	0
0	0	0	0	0	0
0	0	0	0	0	0
0	0	0	0	0	0
1258.09682662713	1358.62411623845	1357.25675422565	1258.26756122519	1413.28823040472	1177.94981338679
0	0	0	0	0	0
0	0	0	0	0	0
0	0	0	0	0	0
0	0	0	0	0	0
0	0	0	0	0	0
0	0	0	0	0	0
0	0	0	0	0	0
0	0	0	0	0	0
1358.86509910344	1356.86184219432	1411.92670950623	1358.58489352198	1411.47753511564	1308.72088760567
0	0	0	0	0	0
0	0	0	0	0	0
0	0	0	0	0	0
0	0	0	0	0	0
0	0	0	0	0	0
0	0	0	0	0	0
0	0	0	0	0	0
0	0	0	0	0	0
1168.55085938539	1178.13727519033	1178.1025843757	630.087115738172	1358.86509921733	1119.05232270934
0	0	0	0	0	0
0	0	0	0	0	0
0	0	0	0	0	0
0	0	0	0	0	0
0	0	0	0	0	0
0	0	0	0	0	0
0	0	0	0	0	0
0	0	0	0	0	0
1310.45427102139	1308.72053921197	1359.50893950881	1177.94981338679	1357.50503118009	1113.31762519138
0	0	0	0	0	0
0	0	0	0	0	0
0	0	0	0	0	0
0	0	0	0	0	0
0	0	0	0	0	0
0	0	0	0	0	0
0	0	0	0	0	0
0	0	0	0	0	0
1038.98417818234	0	1113.73982574103	0	1177.94981338676	0
0	0	0	0	0	0
0	0	0	0	0	0
0	0	0	0	0	0
0	0	0	0	0	0
0	0	0	0	0	0
1119.0523227034	0	1173.53536988584	1119.0523227169	1308.72249944829	600.615342534986
0	0	0	0	0	0
0	0	0	0	0	0
0	0	0	0	0	0
0	0	0	0	0	0
0	0	0	0	0	0
0	0	0	0	0	0
0	0	0	0	0	0
0	0	0	0	0	0
0	0	613.526627968823	0	0	0
0	0	0	0	0	0
0	0	0	0	0	0
0	0	0	0	0	1061.46942981374
0	0	0	0	0	0
0	0	0	0	0	0
0	0	0	0	0	0
0	0	0	0	0	0
0	0	0	0	0	0
564.930553359299	0	653.350888228213	0	0	560.578002421081
0	0	0	0	0	0
0	0	0	0	0	0
543.40940647241	564.622115122831	569.850325074135	564.166722464149	598.334454188351	565.227056884001
0	0	0	0	0	0
0	0	0	0	0	0
1307.05815323741	1358.61308310425	1353.38782117883	1306.78812431644	1305.80519729275	1354.1763596962
0	0	0	0	0	0
0	0	0	0	0	0
0	0	0	0	0	0
0	0	0	0	0	0
0	0	0	0	0	0
1306.06380221128	1356.66048169418	1412.23169343817	654.958924889633	1306.18421162182	1306.36012331986
0	0	0	0	0	0
0	0	0	0	0	0
0	0	0	0	0	0
0	0	0	0	0	0
0	0	0	0	0	0
1258.46964139997	1306.26493448587	1306.35523778472	1258.15384380439	1307.08332948486	1213.37981245775
0	0	0	0	0	0
0	0	0	0	0	0
0	0	0	0	0	0
0	0	0	0	0	0
0	0	0	0	0	0
0	0	0	0	0	0
0	0	0	0	0	0
0	0	0	0	0	0
0	0	0	0	0	0
0	0	0	0	0	0
0	0	0	0	0	0
1258.08459158687	1306.70018200807	1357.64354364294	1258.26727343451	1357.56149929847	1258.58941567928
0	0	0	0	0	0
0	0	0	0	0	0
0	0	0	0	0	0
0	0	0	0	0	0
0	0	0	0	0	0
0	0	0	0	0	0
0	0	0	0	0	0
0	0	0	0	0	0
1109.98506171282	1259.37060852106	1119.0860187994	1109.98506171282	1258.79052136916	1171.19790926875
0	0	0	0	0	0
0	0	0	0	0	0
0	0	0	0	0	0
0	0	0	0	0	0
0	0	0	0	0	0
0	0	0	0	0	0
0	0	0	0	0	0
0	0	0	0	0	0
1213.49752957334	1258.95145000283	1308.72274144134	1168.55085938539	1306.35619155413	1063.10050069405
0	0	0	0	0	0
0	0	0	0	0	0
0	0	0	0	0	0
0	0	0	0	0	0
0	0	0	0	0	0
0	0	0	0	0	0
0	0	0	0	0	0
0	0	0	0	0	0
1048.15527558769	1063.10238506294	0	0	1213.49402413326	596.962436211985
0	0	0	0	0	0
0	0	0	0	0	0
0	0	0	0	0	0
0	0	0	0	0	0
0	0	0	0	0	0
0	0	0	0	0	0
0	0	0	0	0	0
0	0	0	0	0	0
1171.18133516486	1212.99559382897	1257.51368098719	1171.18064768559	1259.2352117919	573.331225483376
0	0	0	0	0	0
0	0	0	0	0	0
0	0	0	0	0	0
0	0	0	0	0	0
0	0	0	0	0	0
0	0	0	0	0	0
0	0	0	0	0	0
0	0	0	0	0	0
0	0	0	0	613.830630250838	543.675731828038
0	0	0	0	0	0
0	0	0	0	0	0
0	0	0	0	0	0
0	0	0	0	0	0
0	0	0	0	0	0
0	1004.8947223065	614.521310259847	314.445501841396	1063.0993176778	0
0	0	0	0	0	0
0	0	0	0	0	0
0	0	0	0	0	0
0	0	0	0	0	0
0	0	0	0	0	0
0	0	0	0	0	0
0	0	0	0	0	0
0	0	0	0	0	0
0	0	0	0	0	0
0	0	0	0	0	0
0	0	0	0	0	0
577.273015579716	543.431834057049	560.766606267195	547.85110167077	0	553.507509511889
0	0	0	0	0	0
0	0	0	0	0	0
1167.69358736172	1307.17269188668	1358.34587529901	1167.6944574674	1306.91706110014	1307.34016648849
0	0	0	0	0	0
0	0	0	0	0	0
613.355404242333	1258.76491157014	1258.76295411153	1167.70698071514	1307.52375374167	1109.98506171282
0	0	0	0	0	0
0	0	0	0	0	0
0	0	0	0	0	0
0	0	0	0	0	0
0	0	0	0	0	0
0	0	0	0	0	0
0	0	0	0	0	0
0	0	0	0	0	0
1258.15166085802	1258.75777445747	1306.38399638738	1258.15539650324	1307.05870111526	1062.92416103369
0	0	0	0	0	0
0	0	0	0	0	0
0	0	0	0	0	0
0	0	0	0	0	0
0	0	0	0	0	0
0	0	0	0	0	0
0	0	0	0	0	0
0	0	0	0	0	0
1078.53911626036	1062.85340719306	1214.31159499068	1126.42971156078	1258.15826890719	1051.27213041427
0	0	0	0	0	0
0	0	0	0	0	0
0	0	0	0	0	0
0	0	0	0	0	0
0	0	0	0	0	0
0	0	0	0	0	0
0	0	0	0	0	0
0	0	0	0	0	0
0	0	0	0	0	0
0	0	0	0	0	0
0	0	0	0	0	0
1109.98506171282	1062.8638746589	1119.06457616593	1109.98506171282	1258.77078664454	1009.94347784158
0	0	0	0	0	0
0	0	0	0	0	0
0	0	0	0	0	0
0	0	0	0	0	0
0	0	0	0	0	0
0	0	0	0	0	0
0	0	0	0	0	0
0	0	0	0	0	0
983.166611871477	1009.89648650087	1009.94361739781	983.166613423949	1211.88886937182	0
0	0	0	0	0	0
0	0	0	0	0	0
0	0	0	0	0	0
0	0	0	0	0	0
0	0	0	0	0	0
0	0	0	0	0	0
0	0	0	0	0	0
0	0	0	0	0	0
1169.80298274259	1166.74096354391	1212.58089978171	1169.63943819652	1062.86627546711	949.651759535183
0	0	0	0	0	0
0	0	0	0	0	0
0	0	0	0	0	0
0	0	0	0	0	0
0	0	0	0	0	0
0	0	0	0	0	0
0	0	0	0	0	0
0	0	0	0	0	0
0	0	0	0	0	0
0	0	0	0	0	0
0	0	0	0	0	0
821.001817179688	0	949.182357036244	821.001817179688	0	0
0	0	0	0	0	0
0	0	0	0	0	0
0	0	0	0	0	0
0	0	0	0	0	0
0	0	0	0	0	0
893.730021470839	949.755664057362	1004.93099446519	886.51489148251	1166.2769465734	525.833443249811
0	0	0	0	0	0
0	0	0	0	0	0
0	0	0	0	0	0
0	0	0	0	0	0
0	0	0	0	0	0
0	0	0	0	0	0
0	0	0	0	0	0
0	0	0	0	0	0
0	0	0	0	0	0
0	0	0	0	0	0
0	0	0	0	0	0
603.268402127327	0	0	0	620.484077843432	525.833443249811
0	0	0	0	0	0
0	0	0	0	0	0
0	0	0	0	0	0
0	0	0	0	0	0
0	0	0	0	0	0
532.698827991788	508.146495102618	492.147278553838	418.103437317095	947.524804734914	0
0	0	0	0	0	0
0	0	0	0	0	0
1166.04099402393	1211.37389054183	1211.36070641069	1167.68037578046	1165.84416215228	1126.34203978066
0	0	0	0	0	0
0	0	0	0	0	0
1165.8465785022	1211.3405315001	1257.21049253512	1167.68071224856	1165.8458625639	1009.51492366757
0	0	0	0	0	0
0	0	0	0	0	0
0	0	0	0	0	0
0	0	0	0	0	0
0	0	0	0	0	0
0	0	0	0	0	0
0	0	0	0	0	0
0	0	0	0	0	0
851.803883384353	1009.5150964937	1168.24208479069	842.257723087214	1166.29854679685	978.377201773402
0	0	0	0	0	0
0	0	0	0	0	0
0	0	0	0	0	0
0	0	0	0	0	0
0	0	0	0	0	0
0	0	0	0	0	0
0	0	0	0	0	0
0	0	0	0	0	0
1086.21699943334	1166.93361752673	1213.73366428042	1126.34655638908	1211.13492951263	1127.30673211053
0	0	0	0	0	0
0	0	0	0	0	0
0	0	0	0	0	0
0	0	0	0	0	0
0	0	0	0	0	0
0	0	0	0	0	0
0	0	0	0	0	0
0	0	0	0	0	0
0	0	0	0	0	0
0	0	0	0	0	0
0	0	0	0	0	0
1124.87699158545	955.479950446088	955.479950446088	803.196759463525	1126.34720275853	821.001817179688
0	0	0	0	0	0
0	0	0	0	0	0
0	0	0	0	0	0
0	0	0	0	0	0
0	0	0	0	0	0
0	0	0	0	0	0
0	0	0	0	0	0
0	0	0	0	0	0
1086.84475165983	1009.91885528309	1166.74145616523	1086.83754563896	1169.79493845922	891.819405059273
0	0	0	0	0	0
0	0	0	0	0	0
0	0	0	0	0	0
0	0	0	0	0	0
0	0	0	0	0	0
0	0	0	0	0	0
0	0	0	0	0	0
0	0	0	0	0	0
0	0	0	0	0	0
0	0	0	0	0	0
0	0	0	0	0	0
798.141592470949	802.673947133633	1083.12772311935	798.141592470949	0	1001.7313599401
0	0	0	0	0	0
0	0	0	0	0	0
0	0	0	0	0	0
0	0	0	0	0	0
0	0	0	0	0	0
0	0	0	0	0	0
0	0	0	0	0	0
0	0	0	0	0	0
1042.89008822523	1082.39851553402	1120.14394201465	1043.03926810612	1127.2599903055	807.920517544795
0	0	0	0	0	0
0	0	0	0	0	0
0	0	0	0	0	0
0	0	0	0	0	0
0	0	0	0	0	0
0	0	0	0	0	0
0	0	0	0	0	0
0	0	0	0	0	0
0	0	0	0	0	0
0	0	0	0	0	0
0	0	0	0	0	0
748.701560144302	810.033380155683	807.920516224836	731.407491292048	1042.88273006465	410.707407435309
0	0	0	0	0	0
0	0	0	0	0	0
0	0	0	0	0	0
0	0	0	0	0	0
0	0	0	0	0	0
771.74080700131	0	880.14624323598	755.487246416486	0	410.707407435064
0	0	0	0	0	0
0	0	0	0	0	0
0	0	0	0	0	0
0	0	0	0	0	0
0	0	0	0	0	0
414.560114794251	488.566143931632	418.462220138394	396.962515713301	0	400.607575934529
0	0	0	0	0	0
0	0	0	0	0	0
1059.93931161762	1121.73353292776	1211.3462132642	1060.02451476069	1167.66148202515	1165.55256230218
0	0	0	0	0	0
0	0	0	0	0	0
0	0	0	0	0	0
0	0	0	0	0	0
0	0	0	0	0	0
0	0	0	0	0	0
0	0	0	0	0	0
0	0	0	0	0	0
0	0	0	0	0	0
0	0	0	0	0	0
0	0	0	0	0	0
870.515277950621	1121.34152794172	841.151780197927	545.6957728478	1166.52160317412	801.404012971594
0	0	0	0	0	0
0	0	0	0	0	0
0	0	0	0	0	0
0	0	0	0	0	0
0	0	0	0	0	0
0	0	0	0	0	0
0	0	0	0	0	0
0	0	0	0	0	0
777.854903825625	803.738094373075	0	777.805021391834	1166.04441314324	798.141592470949
0	0	0	0	0	0
0	0	0	0	0	0
0	0	0	0	0	0
0	0	0	0	0	0
0	0	0	0	0	0
0	0	0	0	0	0
0	0	0	0	0	0
0	0	0	0	0	0
0	0	0	0	0	0
0	0	0	0	0	0
0	0	0	0	0	0
793.674138832434	802.831634495509	803.197730193869	793.168719015285	826.98918787529	841.917866620852
0	0	0	0	0	0
0	0	0	0	0	0
0	0	0	0	0	0
0	0	0	0	0	0
0	0	0	0	0	0
0	0	0	0	0	0
0	0	0	0	0	0
0	0	0	0	0	0
0	0	0	0	0	0
0	0	0	0	0	0
0	0	0	0	0	0
748.573472464235	842.232178472169	1041.76930492464	752.726016940338	799.405823321684	723.826095731197
0	0	0	0	0	0
0	0	0	0	0	0
0	0	0	0	0	0
0	0	0	0	0	0
0	0	0	0	0	0
0	0	0	0	0	0
0	0	0	0	0	0
0	0	0	0	0	0
798.141592470949	1041.89186694843	1083.04454861213	1005.01502946476	803.092157505312	791.292937458156
0	0	0	0	0	0
0	0	0	0	0	0
0	0	0	0	0	0
0	0	0	0	0	0
0	0	0	0	0	0
0	0	0	0	0	0
0	0	0	0	0	0
0	0	0	0	0	0
0	0	0	0	0	0
0	0	0	0	0	0
0	0	0	0	0	0
0	0	792.714640458823	0	0	0
0	0	0	0	0	0
0	0	0	0	0	0
0	791.709438462565	792.981530214665	712.292157340565	1005.08144632445	0
0	0	0	0	0	0
0	0	0	0	0	0
0	0	0	0	0	0
0	0	0	0	0	0
0	0	0	0	0	0
728.955396754543	790.433420817944	814.593331728858	714.789039692419	1041.7035196266	709.91012056695
0	0	0	0	0	0
0	0	0	0	0	0
0	0	0	0	0	0
0	0	0	0	0	0
0	0	0	0	0	0
0	0	0	0	0	0
0	0	0	0	0	0
0	0	0	0	0	0
0	0	0	0	0	0
0	0	0	0	0	0
0	0	0	0	0	0
642.358600341391	418.10343731706	418.103437317095	957.663927548778	1000.02123625222	714.879892808784
0	0	0	0	0	0
716.615683780446	1059.98366886038	1121.35498605506	995.857998862666	1062.1944285251	1000.80134205832
0	0	0	0	0	0
0	0	0	0	0	0
0	0	0	0	0	0
0	0	0	0	0	0
0	0	0	0	0	0
0	0	0	0	0	0
0	0	0	0	0	0
0	0	0	0	0	0
0	0	0	0	0	0
0	0	0	0	0	0
0	0	0	0	0	0
723.474539201374	1000.34168644857	765.699056142395	778.591902785795	1064.01961401195	959.401726500306
0	0	0	0	0	0
0	0	0	0	0	0
0	0	0	0	0	0
0	0	0	0	0	0
0	0	0	0	0	0
0	0	0	0	0	0
0	0	0	0	0	0
0	0	0	0	0	0
1000.24461412111	770.054153054024	803.078082763834	1000.49972200333	1059.97645448751	996.693500223301
0	0	0	0	0	0
0	0	0	0	0	0
0	0	0	0	0	0
0	0	0	0	0	0
0	0	0	0	0	0
0	0	0	0	0	0
0	0	0	0	0	0
0	0	0	0	0	0
0	0	0	0	0	0
0	0	0	0	0	0
0	0	0	0	0	0
0	0	0	0	0	0
0	0	0	0	0	0
0	0	0	0	0	0
925.567243317713	958.382789473745	998.727620314068	958.84309609234	1001.04572668039	842.133209795813
0	0	0	0	0	0
0	0	0	0	0	0
0	0	0	0	0	0
0	0	0	0	0	0
0	0	0	0	0	0
0	0	0	0	0	0
0	0	0	0	0	0
0	0	0	0	0	0
958.440580252456	998.127746206585	1041.54637123727	959.41856677369	1000.98721757756	801.470359263606
0	0	0	0	0	0
0	0	0	0	0	0
0	0	0	0	0	0
0	0	0	0	0	0
0	0	0	0	0	0
0	0	0	0	0	0
0	0	0	0	0	0
0	0	0	0	0	0
0	0	0	0	0	0
0	0	0	0	0	0
0	0	0	0	0	0
0	0	0	0	0	0
0	0	0	0	0	0
0	0	0	0	0	0
667.672274463792	715.316333757834	716.529543416896	714.908625480887	756.549445132391	875.744149444167
0	0	0	0	0	0
0	0	0	0	0	0
0	0	0	0	0	0
0	0	0	0	0	0
0	0	0	0	0	0
842.193863980599	0	0	710.683710388608	0	0
0	0	0	0	0	0
0	0	0	0	0	0
712.548644134284	0	792.79023829156	710.683710387464	999.905861557278	712.649436941891
0	0	0	0	0	0
0	0	0	0	0	0
0	0	0	0	0	0
0	0	0	0	0	0
0	0	0	0	0	0
0	0	0	0	0	0
0	0	0	0	0	0
0	0	0	0	0	0
0	0	0	0	0	0
0	0	0	0	0	0
0	0	0	0	0	0
0	0	0	0	0	0
0	0	0	0	0	0
0	0	0	0	0	0
628.655152694294	671.993856366792	916.360113992617	612.375051862964	0	634.761674729735
0	0	0	0	0	0
0	0	0	0	0	0
884.532019338077	709.910120566988	959.16984609064	842.135384838606	958.314416857509	875.796212643845
0	0	0	0	0	0
0	0	0	0	0	0
720.956481965767	1059.93739471197	748.1484081387	724.723423265875	726.196979167045	995.672519631252
0	0	0	0	0	0
0	0	0	0	0	0
0	0	0	0	0	0
0	0	0	0	0	0
0	0	0	0	0	0
0	0	0	0	0	0
0	0	0	0	0	0
0	0	0	0	0	0
0	0	0	0	0	0
0	0	0	0	0	0
0	0	0	0	0	0
715.520701675823	768.800682248826	765.355389819283	722.400697204851	727.278495046358	742.075483316002
0	0	0	0	0	0
0	0	0	0	0	0
0	0	0	0	0	0
0	0	0	0	0	0
0	0	0	0	0	0
0	0	0	0	0	0
0	0	0	0	0	0
0	0	0	0	0	0
0	0	0	0	0	0
0	0	0	0	0	0
0	0	0	0	0	0
560.527018390938	960.631434898003	585.992205276594	577.464756258176	499.828283915044	551.691685000921
0	0	0	0	0	0
0	0	0	0	0	0
0	1663.18509413712	0	1605.09850054902	0	0
0	0	0	0	0	0
0	0	0	0	0	0
0	0	0	0	0	0
0	0	0	0	0	0
0	0	0	0	0	0
0	0	0	0	0	0
0	0	0	0	0	0
0	0	0	0	0	0
703.719090315634	748.500382588976	999.946824563427	754.017078076142	748.991589447219	705.922995332501
0	0	0	0	0	0
0	0	0	0	0	0
0	0	0	0	0	0
0	0	0	0	0	0
0	0	0	0	0	0
0	0	0	0	0	0
0	0	0	0	0	0
0	0	0	0	0	0
0	0	0	0	0	0
0	0	0	0	0	0
0	0	0	0	0	0
0	0	0	0	0	0
0	0	0	0	0	0
0	0	0	0	0	0
635.244070912355	919.295847483175	704.635425516192	635.320284222184	0	628.655152710339
0	0	0	0	0	0
0	0	0	0	0	0
0	0	0	0	0	0
0	0	0	0	0	0
0	0	0	0	0	0
0	0	0	0	0	0
0	0	0	0	0	0
0	0	0	0	0	0
667.672274464528	919.295744660962	957.390672544041	667.614630725061	741.997363230308	647.62230954721
0	0	0	0	0	0
0	0	0	0	0	0
0	0	0	0	0	0
0	0	0	0	0	0
0	0	0	0	0	0
0	0	0	0	0	0
0	0	0	0	0	0
0	0	0	0	0	0
0	0	0	0	0	0
0	0	0	0	0	0
0	0	0	0	0	0
0	0	0	0	0	0
0	0	0	0	0	0
0	0	0	0	0	0
0	0	0	0	0	0
0	0	0	0	0	0
0	0	0	0	0	0
597.639997535605	647.622172025824	0	628.73971862888	667.520499894859	628.704380623533
0	0	0	0	0	0
0	0	0	0	0	0
0	0	0	0	0	0
0	0	0	0	0	0
0	0	0	0	0	0
628.655152681849	0	712.649436941891	628.732332930598	0	0
0	0	0	0	0	0
0	0	0	0	0	0
0	0	0	0	0	0
0	0	0	0	0	0
0	0	0	0	0	0
690.91877108301	748.416565515266	723.498713652152	690.91877108301	719.268826642734	729.40836304852
0	0	0	0	0	0
0	0	0	0	0	0
0	0	0	0	0	0
0	0	0	0	0	0
0	0	0	0	0	0
0	0	0	0	0	0
0	0	0	0	0	0
0	0	0	0	0	0
0	0	0	0	0	0
0	0	0	0	0	0
0	0	0	0	0	0
0	0	0	0	0	0
0	0	0	0	0	0
0	0	0	0	0	0
639.09456432447	704.331555884966	708.894832166279	638.348856832772	0	635.188212408244
0	0	0	0	0	0
0	0	0	0	0	0
0	0	0	0	0	0
0	0	0	0	0	0
0	0	0	0	0	0
0	0	0	0	0	0
0	0	0	0	0	0
0	0	0	0	0	0
668.478794976295	745.005179186731	750.439713194586	0	720.956481965767	668.735195247141
0	0	0	0	0	0
0	0	0	0	0	0
0	741.952980279417	746.261348612886	668.740683710765	0	668.139414749543
0	0	0	0	0	0
0	0	0	0	0	0
0	0	0	0	0	0
0	0	0	0	0	0
0	0	0	0	0	0
0	0	0	0	0	0
0	0	0	0	0	0
0	0	0	0	0	0
0	0	0	0	0	0
0	0	0	0	0	0
0	0	0	0	0	0
0	0	0	0	0	0
0	0	0	0	0	0
0	0	0	0	0	0
599.818469398818	668.739030612334	668.139414749066	635.199472087319	669.594010164653	597.639997535605
0	0	0	0	0	0
0	0	0	0	0	0
0	0	0	0	0	0
0	0	0	0	0	0
0	0	0	0	0	0
0	0	0	0	0	0
0	0	0	0	0	0
0	0	0	0	0	0
635.419827543763	704.066055670179	705.726215332883	635.313950757298	705.70495854352	624.086526120415
0	0	0	0	0	0
0	0	0	0	0	0
0	0	0	0	0	0
0	0	0	0	0	0
0	0	0	0	0	0
0	0	0	0	0	0
0	0	0	0	0	0
0	0	0	0	0	0
0	0	0	0	0	0
0	0	0	0	0	0
0	0	0	0	0	0
0	0	0	0	0	0
0	0	0	0	0	0
0	0	0	0	0	0
0	0	0	0	0	0
0	0	0	0	0	0
0	0	0	0	0	0
399.998476394505	624.025440777026	624.705062448263	0	635.164693162101	597.461725722048
0	0	0	0	0	0
0	0	0	0	0	0
0	0	0	0	0	0
0	0	0	0	0	0
0	0	0	0	0	0
0	0	0	0	0	0
0	0	0	0	0	0
0	0	0	0	0	0
0	656.792981648304	0	597.715149209562	668.7413084239	0
0	0	0	0	0	0
0	0	0	0	0	0
0	0	0	0	0	0
0	0	0	0	0	0
0	0	0	0	0	0
0	0	0	0	0	0
0	0	0	0	0	0
0	0	0	0	0	0
0	0	0	0	0	0
0	0	0	0	0	0
0	0	0	0	0	0
654.575166459022	724.723141900321	724.723678515788	666.425515140928	698.55337756422	688.12422722602
0	0	0	0	0	0
0	0	0	0	0	0
662.740076859266	668.180229091455	669.080914708363	663.431765353823	691.650853097024	599.765897072999
0	0	0	0	0	0
0	0	0	0	0	0
0	0	0	0	0	0
0	0	0	0	0	0
0	0	0	0	0	0
0	0	0	0	0	0
0	0	0	0	0	0
0	0	0	0	0	0
0	0	0	0	0	0
0	0	0	0	0	0
0	0	0	0	0	0
638.354017591976	0	705.220746603825	637.858023943389	690.385661681815	634.737294521911
0	0	0	0	0	0
0	0	0	0	0	0
0	0	0	0	0	0
0	0	0	0	0	0
0	0	0	0	0	0
0	0	0	0	0	0
0	0	0	0	0	0
0	0	0	0	0	0
0	0	0	0	0	0
0	0	0	0	0	0
0	0	0	0	0	0
0	0	0	0	0	0
0	0	0	0	0	0
0	0	0	0	0	0
0	0	0	0	0	0
0	0	0	0	0	0
0	0	0	0	0	0
0	634.785824831577	635.956769970076	441.118114416892	637.953779646104	421.469818621309
0	0	0	0	0	0
0	0	0	0	0	0
0	0	0	0	0	0
0	0	0	0	0	0
0	0	0	0	0	0
0	0	0	0	0	0
0	0	0	0	0	0
0	0	0	0	0	0
601.186153745956	668.231227385362	668.236277483452	635.348463562526	671.069817046675	0
0	0	0	0	0	0
0	0	0	0	0	0
0	0	0	0	0	0
0	0	0	0	0	0
0	0	0	0	0	0
0	0	0	0	0	0
0	0	0	0	0	0
0	0	0	0	0	0
0	0	0	0	0	0
0	0	0	0	0	0
0	0	0	0	0	0
0	0	0	0	0	0
0	0	0	0	0	0
0	0	0	0	0	0
0	0	0	0	0	0
0	0	0	0	0	0
0	0	0	0	0	0
0	0	0	0	0	0
0	0	0	0	0	0
0	0	0	0	0	0
0	441.816243135693	0	0	462.478566521542	395.967723338615
0	0	0	0	0	0
0	0	0	0	0	0
0	0	0	0	0	0
0	0	0	0	0	0
0	0	0	0	0	0
0	502.218918344058	0	0	0	0
0	0	0	0	0	0
0	0	0	0	0	0
0	0	0	0	0	0
0	0	0	0	0	0
0	0	0	0	0	0
0	0	0	0	0	0
0	0	0	0	0	0
0	0	0	0	0	0
0	0	0	0	0	0
0	0	0	0	0	0
0	0	0	0	0	0
0	0	0	0	0	0
0	0	0	0	0	0
0	0	0	0	0	0
0	0	0	0	0	0
0	0	0	0	0	0
0	0	0	0	0	0
0	0	0	0	0	0
0	0	0	0	0	0
0	0	0	0	0	0
616.716753058258	692.044614133875	704.874755389753	592.525330529633	651.822115653588	571.308239064616
0	0	0	0	0	0
0	0	0	0	0	0
456.609662748858	668.894199488882	668.806919666279	459.460343509041	657.8768155961	434.868328187783
0	0	0	0	0	0
0	0	0	0	0	0
0	0	0	0	0	0
0	0	0	0	0	0
0	0	0	0	0	0
0	0	0	0	0	0
0	0	0	0	0	0
0	0	0	0	0	0
0	0	0	0	0	0
0	0	0	0	0	0
0	0	0	0	0	0
0	0	0	0	0	0
0	0	0	0	0	0
0	0	0	0	0	0
0	0	0	0	0	0
0	0	0	0	0	0
0	0	0	0	0	0
572.730747290144	434.868328388736	434.868328388736	495.045730682521	659.962939436384	433.945366651569
0	0	0	0	0	0
0	0	0	0	0	0
0	0	0	0	0	0
0	0	0	0	0	0
0	0	0	0	0	0
0	0	0	0	0	0
0	0	0	0	0	0
0	0	0	0	0	0
0	0	0	0	0	0
0	0	0	0	0	0
0	0	0	0	0	0
455.210677236417	0	0	455.210677236417	0	419.85657650098
0	0	0	0	0	0
0	0	0	0	0	0
0	0	0	0	0	0
0	0	0	0	0	0
0	0	0	0	0	0
0	0	0	0	0	0
0	0	0	0	0	0
0	0	0	0	0	0
0	0	0	0	0	0
0	0	0	0	0	0
0	0	0	0	0	0
0	0	0	0	0	0
0	0	0	0	0	0
0	0	0	0	0	0
0	0	0	0	0	0
0	0	0	0	0	0
0	0	0	0	0	0
0	0	0	0	0	0
0	0	0	0	0	0
0	0	0	0	0	0
440.594360066751	0	0	0	0	0
0	0	0	0	0	0
0	0	0	0	0	0
0	0	0	0	0	0
0	0	0	0	0	0
0	0	0	0	0	0
0	0	0	0	0	0
0	0	0	0	0	0
0	0	0	0	0	0
0	0	0	0	434.071419570334	0
0	0	0	0	0	0
0	0	0	0	0	0
0	0	0	0	0	0
0	0	0	0	0	0
0	0	0	0	0	0
0	0	0	0	0	0
0	0	0	0	0	0
0	0	0	0	0	0
0	0	0	0	0	0
0	0	0	0	0	0
0	0	0	0	0	0
0	0	0	0	0	0
0	0	0	0	0	0
0	0	0	0	0	0
0	0	0	0	0	0
0	0	0	0	0	0
0	0	0	0	0	0
0	0	0	0	0	0
0	0	0	0	0	0
0	0	0	0	0	0
0	0	0	0	0	0
0	0	0	0	0	0
0	0	0	0	0	0
0	0	0	0	0	0
0	0	0	0	0	0
0	0	0	0	0	0
380.401251096437	660.776711817489	589.067835500189	380.430547071746	658.123362347198	621.081807997828
0	0	0	0	0	0
0	0	0	0	0	0
0	0	0	0	0	0
0	0	0	0	0	0
0	0	0	0	0	0
0	0	0	0	0	0
0	0	0	0	0	0
0	0	0	0	0	0
380.354222091115	441.315457754627	441.315442823672	380.330068466484	592.528120515433	0
0	0	0	0	0	0
0	0	0	0	0	0
476.709996494347	0	0	0	0	0
0	0	0	0	0	0
0	0	0	0	0	0
0	0	0	0	0	0
0	0	0	0	0	0
0	0	0	0	0	0
0	0	0	0	0	0
0	0	0	0	0	0
0	0	0	0	0	0
0	0	434.868328382814	500.418301269126	454.81820781888	0
0	0	0	0	0	0
0	0	0	0	0	0
0	0	0	0	0	0
0	0	0	0	0	0
0	0	0	0	0	0
0	0	0	0	0	0
0	0	0	0	0	0
0	0	0	0	0	0
0	0	0	0	0	0
0	0	0	0	0	0
0	0	0	0	0	0
0	0	0	0	0	0
0	0	0	0	0	0
0	0	0	0	0	0
0	0	0	0	0	0
0	0	0	0	0	0
0	0	0	0	0	0
0	0	0	0	0	0
0	0	0	0	0	0
0	0	0	0	0	0
0	0	0	0	0	0
0	0	0	0	0	0
0	0	0	0	0	0
0	439.023341595769	439.023873382274	431.470955606068	462.264929409729	456.959304002616
0	0	0	0	0	0
0	0	0	0	0	0
0	0	0	0	0	0
0	0	0	0	0	0
0	0	0	0	0	0
0	0	0	0	0	0
0	0	0	0	0	0
0	0	0	0	0	0
440.151223592161	0	0	440.280118279322	451.3241459493	443.500140895316
0	0	0	0	0	0
0	0	0	0	0	0
0	0	0	0	0	0
0	0	0	0	0	0
0	0	0	0	0	0
0	0	0	0	0	0
0	0	0	0	0	0
0	0	0	0	0	0
0	0	0	0	0	0
0	0	0	0	0	0
0	0	0	0	0	0
0	0	0	0	0	0
0	0	0	0	0	0
0	0	0	0	0	0
0	0	0	0	0	0
0	0	0	0	0	0
0	0	0	0	0	0
0	0	0	0	0	0
0	0	0	0	0	0
0	0	0	0	0	0
0	0	0	0	0	0
0	0	0	0	0	0
0	0	0	0	0	0
0	0	0	0	0	0
0	0	0	0	0	0
0	0	0	0	0	0
0	0	0	0	0	0
0	0	0	0	0	0
0	0	0	0	0	0
0	0	0	0	0	0
0	0	0	0	0	0
0	0	0	0	0	0
0	0	0	0	0	0
0	0	0	0	0	0
0	0	0	0	0	0
356.90832100085	405.606597397266	405.579189331324	356.613914455986	380.354066716425	380.427686930925
0	0	0	0	0	0
0	0	0	0	0	0
0	0	0	0	0	0
0	0	0	0	0	0
0	0	0	0	0	0
0	0	0	0	0	0
0	0	0	0	0	0
0	0	0	0	0	0
380.405302726894	432.1588847281	0	380.329304013373	380.405302726894	0
0	0	0	0	0	0
0	0	0	0	0	0
0	0	0	0	478.351029777218	0
0	0	0	0	0	0
0	0	0	0	0	0
0	0	0	0	0	0
0	0	0	0	0	0
0	0	0	0	0	0
0	0	0	0	0	0
0	0	0	0	0	0
0	0	0	0	0	0
0	0	0	0	0	0
0	0	0	0	0	0
0	0	0	0	0	0
0	0	0	0	0	0
0	0	0	0	0	0
0	0	0	0	0	0
0	0	0	0	0	0
0	0	0	0	0	0
0	0	0	0	0	0
0	0	0	0	0	0
0	0	0	0	0	0
0	0	0	0	0	0
0	0	451.23046661611	429.789477109846	477.978702489868	455.005048733552
0	0	0	0	0	0
0	0	0	0	0	0
0	0	0	0	476.321432335559	0
0	0	0	0	0	0
0	0	0	0	0	0
0	0	0	0	0	0
0	0	0	0	0	0
0	0	0	0	0	0
0	0	0	0	0	0
0	0	0	0	0	0
0	0	0	0	0	0
0	0	0	460.106821641394	463.812630676286	0
0	0	0	0	0	0
0	0	0	0	0	0
0	0	0	0	0	0
0	0	0	0	0	0
0	0	0	0	0	0
0	0	0	0	0	0
0	0	0	0	0	0
0	0	0	0	0	0
0	0	0	0	0	0
0	0	0	0	0	0
0	0	0	0	0	0
0	0	0	0	0	0
0	0	0	0	0	0
0	0	0	0	0	0
0	0	0	0	0	0
0	0	0	0	0	0
0	0	0	0	0	0
0	0	0	0	0	0
0	0	0	0	0	0
0	0	0	0	0	0
0	0	0	0	0	0
0	0	0	0	0	0
0	0	0	0	0	0
0	0	0	0	0	0
0	0	0	0	0	0
0	0	0	0	0	0
0	0	0	0	0	0
0	0	0	0	0	0
0	0	0	0	0	0
0	0	0	0	0	0
0	0	0	0	0	0
0	0	0	0	0	0
0	0	0	0	0	0
0	0	0	0	0	0
0	0	0	0	0	0
0	0	0	0	0	0
0	0	0	0	0	0
0	0	0	0	0	0
0	0	0	0	0	0
0	0	0	0	0	0
0	0	0	0	0	0
0	0	0	0	0	0
0	0	0	0	0	0
0	0	0	0	0	0
334.082891462592	380.343692715916	380.328830856237	334.333678671822	356.351486349834	356.801103770612
0	0	0	0	0	0
0	0	0	0	0	0
0	0	0	0	0	0
0	0	0	0	0	0
0	0	0	0	0	0
0	0	0	0	0	0
0	0	0	0	0	0
0	0	0	0	0	0
0	0	0	0	0	0
0	0	0	0	0	0
0	0	0	0	0	0
0	0	0	0	0	0
0	0	0	0	0	0
0	0	0	0	0	0
0	0	0	0	0	0
0	0	0	0	0	0
0	0	0	0	0	0
0	0	0	0	0	0
0	0	0	0	0	0
0	0	0	0	0	0
0	0	0	0	0	0
0	0	0	0	0	0
0	0	0	0	0	0
0	0	0	0	444.217524423897	0
0	0	0	0	0	0
0	0	0	0	0	0
0	0	0	0	0	0
0	0	0	0	0	0
0	0	0	0	0	0
0	0	0	0	0	0
0	0	0	0	0	0
0	0	0	0	0	0
0	0	0	0	357.448251668213	0
0	0	0	0	0	0
0	0	0	0	0	0
0	0	0	491.586655303698	0	0
0	0	0	0	0	0
0	0	0	0	0	0
0	0	0	0	0	0
0	0	0	0	0	0
0	0	0	0	0	0
0	0	0	0	0	0
0	0	0	0	0	0
0	0	0	0	0	0
0	0	0	0	0	0
0	0	0	0	0	0
0	0	0	0	0	0
0	0	0	0	0	0
0	0	0	0	0	0
0	0	0	0	0	0
0	0	0	0	0	0
0	0	0	0	0	0
0	0	0	0	0	0
0	0	0	0	0	0
0	0	0	0	0	0
0	0	0	0	0	0
0	0	0	0	0	0
0	0	0	0	0	0
0	0	0	0	0	0
0	0	0	0	0	0
0	0	0	0	0	0
0	0	0	0	0	0
0	0	0	0	0	0
0	0	0	0	0	0
0	0	0	0	0	0
0	0	0	0	0	0
0	0	0	0	0	0
0	0	0	0	0	0
0	0	0	0	0	0
0	0	0	0	0	0
0	0	0	0	0	0
0	0	0	0	0	0
0	0	0	0	0	0
0	0	0	0	0	0
0	0	0	0	0	0
0	0	0	0	0	0
0	0	0	0	0	0
0	0	0	0	0	0
0	0	0	0	0	0
0	0	0	0	0	0
0	0	0	0	0	0
0	0	0	0	0	0
0	0	0	0	0	0
0	0	0	0	0	0
0	0	0	0	0	0
0	0	0	0	0	0
0	0	0	0	0	0
0	0	0	0	0	0
0	0	0	0	0	0
313.036672869321	356.919807973296	356.900786355722	313.77623815135	334.317005452343	334.227734898956
0	0	0	0	0	0
0	0	0	0	0	0
0	0	0	0	0	0
0	0	0	0	0	0
0	0	0	0	0	0
0	0	0	0	0	0
0	0	0	0	0	0
0	0	0	0	0	0
0	0	0	0	0	0
0	0	0	0	0	0
0	0	0	0	0	0
0	0	1163.97357104012	0	0	0
0	0	0	0	0	0
0	0	0	0	0	0
0	0	0	0	0	0
0	0	0	0	0	0
0	0	0	0	0	0
0	0	0	0	0	0
0	0	0	0	0	0
0	0	0	0	0	0
0	0	0	0	0	0
0	0	0	0	0	0
0	0	0	0	0	0
0	334.930710728249	0	0	528.252978212949	0
0	0	0	0	0	0
0	0	0	0	0	0
0	0	0	0	0	0
0	0	0	0	0	0
0	0	0	0	0	0
0	0	0	0	0	0
0	0	0	0	0	0
0	0	0	0	0	0
0	0	0	0	0	0
0	0	0	0	0	0
0	0	0	0	0	0
0	0	0	0	0	0
0	0	0	0	0	0
0	0	0	0	0	0
0	0	0	0	0	0
0	0	0	0	0	0
0	0	0	0	0	0
0	0	0	0	0	0
0	0	0	0	0	0
0	0	0	0	0	0
0	0	0	0	0	0
0	0	0	0	0	0
0	0	0	0	0	0
0	0	0	0	0	0
0	0	0	0	0	0
0	0	0	0	0	0
0	0	0	0	0	0
0	0	0	0	0	0
0	0	0	0	0	0
0	0	0	0	0	0
0	0	0	0	0	0
0	0	0	0	0	0
0	0	0	0	0	0
0	0	0	0	0	0
0	0	0	0	0	0
0	0	0	0	0	0
0	0	0	0	0	0
0	0	0	0	0	0
0	0	0	0	0	0
0	0	0	0	0	0
0	0	0	0	0	0
0	0	0	0	0	0
0	0	0	0	0	0
0	0	0	0	0	0
0	0	0	0	0	0
0	0	0	0	0	0
0	0	0	0	0	0
0	0	0	0	0	0
0	0	0	0	0	0
0	0	0	0	0	0
0	0	0	0	0	0
0	0	0	0	0	0
0	0	0	0	0	0
0	0	0	0	0	0
0	0	0	0	0	0
0	0	0	0	0	0
0	0	0	0	0	0
0	0	0	0	0	0
0	0	0	0	0	0
0	0	0	0	0	0
0	0	0	0	0	0
0	0	0	0	0	0
0	0	0	0	0	0
0	0	0	0	0	0
0	0	0	0	0	0
292.502121222297	334.318829466266	334.768794258404	292.502121222297	313.073824282431	313.138616139319
0	0	0	0	0	0
0	0	0	0	0	0
0	0	0	0	0	0
0	0	0	0	0	0
0	0	0	0	0	0
0	0	0	0	0	0
0	0	0	0	0	0
0	0	0	0	0	0
0	0	0	0	0	0
0	0	0	0	0	0
0	0	0	0	0	0
0	496.935582002415	0	0	0	0
0	0	0	0	0	0
0	0	0	0	0	0
0	0	0	0	0	0
0	0	0	0	0	0
0	0	0	0	0	0
0	0	0	0	0	0
0	0	0	0	0	0
0	0	0	0	0	0
0	0	0	0	0	0
0	0	0	0	0	0
0	0	0	0	0	0
0	0	0	0	0	0
0	0	0	0	0	0
0	0	0	0	0	0
0	0	0	0	0	0
0	0	0	0	0	0
0	0	0	0	0	0
0	0	0	0	0	0
0	0	0	0	0	0
0	0	0	0	0	0
0	0	0	0	0	0
0	0	0	0	0	0
0	0	0	0	0	0
0	0	0	0	0	0
0	0	0	0	0	0
0	0	0	0	0	0
0	0	0	0	0	0
0	0	0	0	0	0
0	0	0	0	0	0
0	0	0	0	0	0
0	0	0	0	0	0
0	0	0	0	0	0
0	0	0	0	0	0
0	0	0	0	0	0
0	0	0	0	0	0
0	0	0	0	0	0
0	0	0	0	0	0
0	0	0	0	0	0
0	0	0	0	0	0
0	0	0	0	0	0
0	0	0	0	0	0
0	0	0	0	0	0
0	0	0	0	0	0
0	0	0	0	0	0
0	0	0	0	0	0
0	0	0	0	0	0
0	0	0	0	0	0
0	0	0	0	0	0
0	0	0	0	0	0
0	0	0	0	0	0
0	0	0	0	0	0
0	0	0	0	0	0
0	0	0	0	0	0
0	0	0	0	0	0
0	0	0	0	0	0
0	0	0	0	0	0
0	0	0	0	0	0
0	0	0	0	0	0
0	0	0	0	0	0
0	0	0	0	0	0
0	0	0	0	0	0
0	0	0	0	0	0
0	0	0	0	0	0
0	0	0	0	0	0
0	0	0	0	0	0
0	0	0	0	0	0
0	0	0	0	0	0
0	0	0	0	0	0
0	0	0	0	0	0
0	0	0	0	0	0
0	0	0	0	0	0
0	0	0	0	0	0
0	0	0	0	0	0
0	0	0	0	0	0
0	0	0	0	0	0
0	0	0	0	0	0
0	0	0	0	0	0
292.662519991693	313.070054992682	313.071439119327	273.588999844548	292.524038738173	292.731509593402
0	0	0	0	0	0
0	0	0	0	0	0
0	0	0	0	0	0
0	0	0	0	0	0
0	0	0	0	0	0
0	0	0	0	0	0
0	0	0	0	0	0
0	0	0	0	0	0
0	0	0	0	0	0
0	0	0	0	0	0
0	0	0	0	0	0
0	0	0	0	0	0
0	0	0	0	0	0
0	0	0	0	0	0
0	0	0	0	0	0
0	0	0	0	0	0
0	0	0	0	0	0
0	0	0	0	0	0
0	0	0	0	0	0
0	0	0	0	0	0
0	0	0	0	0	0
0	0	0	0	0	0
0	0	0	0	0	0
0	0	0	0	0	0
0	0	0	0	0	0
0	0	0	0	0	0
0	0	0	0	0	0
0	0	0	0	0	0
0	0	0	0	0	0
0	0	0	0	0	0
0	0	0	0	0	0
0	0	0	0	0	0
0	0	0	0	0	0
0	0	0	0	0	0
0	0	0	0	0	0
0	0	0	0	0	0
0	0	0	0	0	0
0	0	0	0	0	0
0	0	0	0	0	0
0	0	0	0	0	0
0	0	0	0	0	0
0	0	0	0	0	0
0	0	0	0	0	0
0	0	0	0	0	0
0	0	0	0	0	0
0	0	0	0	0	0
0	0	0	0	0	0
0	0	0	0	0	0
0	0	0	0	0	0
0	0	0	0	0	0
0	0	0	0	0	0
0	0	0	0	0	0
0	0	0	0	0	0
0	0	0	0	0	0
0	0	0	0	0	0
0	0	0	0	0	0
0	0	0	0	0	0
0	0	0	0	0	0
0	0	0	0	0	0
0	0	0	0	0	0
0	0	0	0	0	0
0	0	0	0	0	0
0	0	0	0	0	0
0	0	0	0	0	0
0	0	0	0	0	0
0	0	0	0	0	0
0	0	0	0	0	0
0	0	0	0	0	0
0	0	0	0	0	0
0	0	0	0	0	0
0	0	0	0	0	0
0	0	0	0	0	0
0	0	0	0	0	0
0	0	0	0	0	0
0	0	0	0	0	0
0	0	0	0	0	0
0	0	0	0	0	0
0	0	0	0	0	0
0	0	0	0	0	0
0	0	0	0	0	0
0	0	0	0	0	0
0	0	0	0	0	0
0	0	0	0	0	0
0	0	0	0	0	0
0	0	0	0	0	0
0	0	0	0	0	0
0	0	0	0	0	0
0	0	0	0	0	0
0	0	0	0	0	0
255.360827960389	292.578446889261	292.642660421582	255.126789371711	273.335083966974	273.640546295532
0	0	0	0	0	0
0	0	0	0	0	0
0	0	0	0	0	0
0	0	0	0	0	0
0	0	0	0	0	0
0	0	0	0	0	0
0	0	0	0	0	0
0	0	0	0	0	0
0	0	0	0	0	0
0	0	0	0	0	0
0	0	0	0	0	0
0	0	0	0	0	0
0	0	0	0	0	0
0	0	0	0	0	0
0	0	0	0	0	0
0	0	0	0	0	0
0	0	0	0	0	0
0	0	0	0	0	0
0	0	0	0	0	0
0	0	0	0	0	0
0	0	0	0	0	0
0	0	0	0	0	0
0	0	0	0	0	0
0	0	0	0	0	0
0	0	0	0	0	0
0	0	0	0	0	0
0	0	0	0	0	0
0	0	0	0	0	0
0	0	0	0	0	0
0	0	0	0	0	0
0	0	0	0	0	0
0	0	0	0	0	0
0	0	0	0	0	0
0	0	0	0	0	0
0	0	0	0	0	0
0	0	0	0	0	0
0	0	0	0	0	0
0	0	0	0	0	0
0	0	0	0	0	0
0	0	0	0	0	0
0	0	0	0	0	0
0	0	0	0	0	0
0	0	0	0	0	0
0	0	0	0	0	0
0	0	0	0	0	0
0	0	0	0	0	0
0	0	0	0	0	0
0	0	0	0	0	0
0	0	0	0	0	0
0	0	0	0	0	0
0	0	0	0	0	0
0	0	0	0	0	0
0	0	0	0	0	0
0	0	0	0	0	0
0	0	0	0	0	0
0	0	0	0	0	0
0	0	0	0	0	0
0	0	0	0	0	0
0	0	0	0	0	0
0	0	0	0	0	0
0	0	0	0	0	0
0	0	0	0	0	0
0	0	0	0	0	0
0	0	0	0	0	0
0	0	0	0	0	0
0	0	0	0	0	0
0	0	0	0	0	0
0	0	0	0	0	0
0	0	0	0	0	0
0	0	0	0	0	0
0	0	0	0	0	0
0	0	0	0	0	0
0	0	0	0	0	0
0	0	0	0	0	0
0	0	0	0	0	0
0	0	0	0	0	0
0	0	0	0	0	0
0	0	0	0	0	0
0	0	0	0	0	0
0	0	0	0	0	0
0	0	0	0	0	0
0	0	0	0	0	0
0	0	0	0	0	0
0	0	0	0	0	0
0	0	0	0	0	0
0	0	0	0	0	0
0	0	0	0	0	0
0	0	0	0	0	0
0	0	0	0	0	0
237.609294958402	273.270157713682	273.789918123658	80.5666632439142	255.127419279791	255.228731810057
0	0	0	0	0	0
0	0	0	0	0	0
0	0	0	0	0	0
0	0	0	0	0	0
0	0	0	0	0	0
0	0	0	0	0	0
0	0	0	0	0	0
0	0	0	0	0	0
0	0	0	0	0	0
0	0	0	0	0	0
0	0	0	0	0	0
0	0	0	0	0	0
0	0	0	0	0	0
0	0	0	0	0	0
0	0	0	0	0	0
0	0	0	0	0	0
0	0	0	0	0	0
0	0	0	0	0	0
0	0	0	0	0	0
0	0	0	0	0	0
0	0	0	0	0	0
0	0	0	0	0	0
0	0	0	0	0	0
0	0	0	0	0	0
0	0	0	0	0	0
0	0	0	0	0	0
0	0	0	0	0	0
0	0	0	0	0	0
0	0	0	0	0	0
0	0	0	0	0	0
0	0	0	0	0	0
0	0	0	0	0	0
0	0	0	0	0	0
0	0	0	0	0	0
0	0	0	0	0	0
0	0	0	0	0	0
0	0	0	0	0	0
0	0	0	0	0	0
0	0	0	0	0	0
0	0	0	0	0	0
0	0	0	0	0	0
0	0	0	0	0	0
0	0	0	0	0	0
0	0	0	0	0	0
0	0	0	0	0	0
0	0	0	0	0	0
0	0	0	0	0	0
0	0	0	0	0	0
0	0	0	0	0	0
0	0	0	0	0	0
0	0	0	0	0	0
0	0	0	0	0	0
0	0	0	0	0	0
0	0	0	0	0	0
0	0	0	0	0	0
0	0	0	0	0	0
0	0	0	0	0	0
0	0	0	0	0	0
0	0	0	0	0	0
0	0	0	0	0	0
0	0	0	0	0	0
0	0	0	0	0	0
0	0	0	0	0	0
0	0	0	0	0	0
0	0	0	0	0	0
0	0	0	0	0	0
0	0	0	0	0	0
0	0	0	0	0	0
0	0	0	0	0	0
0	0	0	0	0	0
0	0	0	0	0	0
0	0	0	0	0	0
0	0	0	0	0	0
0	0	0	0	0	0
0	0	0	0	0	0
0	0	0	0	0	0
0	0	0	0	0	0
0	0	0	0	0	0
0	0	0	0	0	0
0	0	0	0	0	0
0	0	0	0	0	0
0	0	0	0	0	0
0	0	0	0	0	0
0	0	0	0	0	0
0	0	0	0	0	0
0	0	0	0	0	0
0	0	0	0	0	0
0	0	0	0	0	0
0	0	0	0	0	0
221.155721170625	80.8956521603382	255.232254208576	80.9245693479202	82.8708572756692	80.6782032586279
0	0	0	0	0	0
0	0	0	0	0	0
0	0	0	0	0	0
0	0	0	0	0	0
0	0	0	0	0	0
0	0	0	0	0	0
0	0	0	0	0	0
0	0	0	0	0	0
0	0	0	0	0	0
0	0	0	0	0	0
0	0	0	0	0	0
0	0	0	0	0	0
0	0	0	0	0	0
0	0	0	0	0	0
0	0	0	0	0	0
0	0	0	0	0	0
0	0	0	0	0	0
0	0	0	0	0	0
0	0	0	0	0	0
0	0	0	0	0	0
0	0	0	0	0	0
0	0	0	0	0	0
0	0	0	0	0	0
0	0	0	0	0	0
0	0	0	0	0	0
0	0	0	0	0	0
0	0	0	0	0	0
0	0	0	0	0	0
0	0	0	0	0	0
0	0	0	0	0	0
0	0	0	0	0	0
0	0	0	0	0	0
0	0	0	0	0	0
0	0	0	0	0	0
0	0	0	0	0	0
0	0	0	0	0	0
0	0	0	0	0	0
0	0	0	0	0	0
0	0	0	0	0	0
0	0	0	0	0	0
0	0	0	0	0	0
0	0	0	0	0	0
0	0	0	0	0	0
0	0	0	0	0	0
0	0	0	0	0	0
0	0	0	0	0	0
0	0	0	0	0	0
0	0	0	0	0	0
0	0	0	0	0	0
0	0	0	0	0	0
0	0	0	0	0	0
0	0	0	0	0	0
0	0	0	0	0	0
0	0	0	0	0	0
0	0	0	0	0	0
0	0	0	0	0	0
0	0	0	0	0	0
0	0	0	0	0	0
0	0	0	0	0	0
0	0	0	0	0	0
0	0	0	0	0	0
0	0	0	0	0	0
0	0	0	0	0	0
0	0	0	0	0	0
0	0	0	0	0	0
0	0	0	0	0	0
0	0	0	0	0	0
0	0	0	0	0	0
0	0	0	0	0	0
0	0	0	0	0	0
0	0	0	0	0	0
0	0	0	0	0	0
0	0	0	0	0	0
0	0	0	0	0	0
0	0	0	0	0	0
0	0	0	0	0	0
0	0	0	0	0	0
0	0	0	0	0	0
0	0	0	0	0	0
0	0	0	0	0	0
0	0	0	0	0	0
0	0	0	0	0	0
0	0	0	0	0	0
0	0	0	0	0	0
0	0	0	0	0	0
0	0	0	0	0	0
0	0	0	0	0	0
0	0	0	0	0	0
0	0	0	0	0	0
221.323648570635	237.555226363036	237.679986393605	221.211324850989	221.149336427162	221.228142846656
0	0	0	0	0	0
0	0	0	0	0	0
0	0	0	0	0	0
0	0	0	0	0	0
0	0	0	0	0	0
0	0	0	0	0	0
0	0	0	0	0	0
0	0	0	0	0	0
0	0	0	0	0	0
0	0	0	0	0	0
0	0	0	0	0	0
0	0	0	0	0	0
0	0	0	0	0	0
0	0	0	0	0	0
0	0	0	0	0	0
0	0	0	0	0	0
0	0	0	0	0	0
0	0	0	0	0	0
0	0	0	0	0	0
0	0	0	0	0	0
0	0	0	0	0	0
0	0	0	0	0	0
0	0	0	0	0	0
0	0	0	0	0	0
0	0	0	0	0	0
0	0	0	0	0	0
0	0	0	0	0	0
0	0	0	0	0	0
0	0	0	0	0	0
0	0	0	0	0	0
0	0	0	0	0	0
0	0	0	0	0	0
0	0	0	0	0	0
0	0	0	0	0	0
0	0	0	0	0	0
0	0	0	0	0	0
0	0	0	0	0	0
0	0	0	0	0	0
0	0	0	0	0	0
0	0	0	0	0	0
0	0	0	0	0	0
0	0	0	0	0	0
0	0	0	0	0	0
0	0	0	0	0	0
0	0	0	0	0	0
0	0	0	0	0	0
0	0	0	0	0	0
0	0	0	0	0	0
0	0	0	0	0	0
0	0	0	0	0	0
0	0	0	0	0	0
0	0	0	0	0	0
0	0	0	0	0	0
0	0	0	0	0	0
0	0	0	0	0	0
0	0	0	0	0	0
0	0	0	0	0	0
0	0	0	0	0	0
0	0	0	0	0	0
0	0	0	0	0	0
0	0	0	0	0	0
0	0	0	0	0	0
0	0	0	0	0	0
0	0	0	0	0	0
0	0	0	0	0	0
0	0	0	0	0	0
0	0	0	0	0	0
0	0	0	0	0	0
0	0	0	0	0	0
0	0	0	0	0	0
0	0	0	0	0	0
0	0	0	0	0	0
0	0	0	0	0	0
0	0	0	0	0	0
0	0	0	0	0	0
0	0	0	0	0	0
0	0	0	0	0	0
0	0	0	0	0	0
0	0	0	0	0	0
0	0	0	0	0	0
0	0	0	0	0	0
0	0	0	0	0	0
0	0	0	0	0	0
0	0	0	0	0	0
0	0	0	0	0	0
0	0	0	0	0	0
0	0	0	0	0	0
0	0	0	0	0	0
0	0	0	0	0	0
